# Greetings from The On-Line Encyclopedia of Integer Sequences! http://oeis.org/

Search: id:a007945
Showing 1-1 of 1

%I A007945
%S A007945 2,3,0,4,5,2,2,3,0,4,5,2,2,3,0,4,5,2,2,3,0,4,5,2,2,3,0,4,
%T A007945 5,2,2,3,0,4,5,2,2,3,0,4,5,2,2,3,0,4,5,2,2,3,0,4,5,2,2,
%U A007945 3,0,4,5,2,2,3,0,4,5,2,2,3,0,4,5,2,2,3,0,4,5,2,2,3
%V A007945 2,3,0,-4,-5,-2,2,3,0,-4,-5,-2,2,3,0,-4,-5,-2,2,3,0,-4,-5,-2,2,3,0,-4,
%W A007945 -5,-2,2,3,0,-4,-5,-2,2,3,0,-4,-5,-2,2,3,0,-4,-5,-2,2,3,0,-4,-5,-2,2,
%X A007945 3,0,-4,-5,-2,2,3,0,-4,-5,-2,2,3,0,-4,-5,-2,2,3,0,-4,-5,-2,2,3
%N A007945 Expansion of (2-x-2*x^2)/((1-x)*(1-x+x^2)).
%K A007945 sign
%O A007945 0,1
%A A007945 _N. J. A. Sloane_.

# Content is available under The OEIS End-User License Agreement: http://oeis.org/LICENSE