# Greetings from The On-Line Encyclopedia of Integer Sequences! http://oeis.org/

Search: id:a028862
Showing 1-1 of 1

%I A028862
%S A028862 0,0,0,0,0,1,0,0,0,0,1,0,1,0,0,0,0,0,0,0,1,0,1,1,1,1,0,1,0,0,
%T A028862 0,0,1,0,1,1,0,1,0,0,1,1,1,0,1,0,0,1,0,0,0,1,1,1,0,1,0,0,
%U A028862 1,0,0,1,1,0,1,0,0,0,1,1,1,1,0,1,1,1,1,0,0,1,1
%V A028862 0,0,0,0,0,-1,0,0,0,0,-1,0,-1,0,0,0,0,0,0,0,-1,0,-1,-1,-1,-1,0,-1,0,0,
%W A028862 0,0,-1,0,-1,-1,0,-1,0,0,-1,-1,-1,0,-1,0,0,-1,0,0,0,-1,-1,-1,0,-1,0,0,
%X A028862 -1,0,0,-1,-1,0,-1,0,0,0,-1,-1,-1,-1,0,-1,-1,-1,-1,0,0,-1,-1
%N A028862 [ sin(Fibonacci(n)) ].
%K A028862 sign
%O A028862 0,1
%A A028862 _N. J. A. Sloane_.

# Content is available under The OEIS End-User License Agreement: http://oeis.org/LICENSE