# Greetings from The On-Line Encyclopedia of Integer Sequences! http://oeis.org/

Search: id:a046730
Showing 1-1 of 1

%I A046730
%S A046730 1,3,1,5,1,5,7,5,3,5,9,1,3,7,11,7,11,13,9,7,1,15,13,15,1,
%T A046730 13,9,5,17,13,11,9,5,17,7,17,19,1,3,15,17,7,21,19,5,11,21,
%U A046730 19,13,1,23,5,17,19,25,13,25,23,1,5,15,27,9,19,25,17,11,5,25,27,23,29,29,25
%V A046730 -1,3,1,-5,-1,5,7,-5,-3,5,9,-1,3,-7,-11,7,11,-13,-9,-7,-1,15,13,-15,1,
%W A046730 -13,-9,5,-17,13,11,9,-5,17,7,-17,19,1,-3,15,17,-7,21,19,-5,-11,-21,
%X A046730 19,13,1,-23,5,-17,-19,25,-13,-25,-23,-1,-5,15,27,-9,-19,25,-17,11,5,-25,27,23,29,-29,25
%N A046730 A002172/2.
%K A046730 sign
%O A046730 0,2
%A A046730 _N. J. A. Sloane_.

# Content is available under The OEIS End-User License Agreement: http://oeis.org/LICENSE