# Greetings from The On-Line Encyclopedia of Integer Sequences! http://oeis.org/

Search: id:a051512
Showing 1-1 of 1

%I A051512
%S A051512 3,1,4,0,226,0,3,0,1,0,1,1,0,2,1,1,1,3,1,4,0,0,3,1,1,0,1,
%T A051512 0,2,1,4,2,3,0,4,0,1,1,0,0,1,3,1,4,2,1,0,1,1,1,0,0,2,1,
%U A051512 1,2,3,1,0,5,0,1,2,1,3,1,2,1,6,0,2,1,1,2,3,1,1,2,3,0,2,0,0,1,2,0,1,9,2,2,2,10
%V A051512 -3,-1,-4,0,-226,0,3,0,1,0,-1,-1,0,-2,-1,-1,-1,3,1,-4,0,0,3,1,-1,0,-1,
%W A051512 0,-2,-1,4,-2,-3,0,4,0,-1,-1,0,0,-1,-3,-1,4,-2,1,0,-1,1,-1,0,0,-2,-1,
%X A051512 -1,-2,-3,1,0,5,0,1,-2,-1,-3,-1,2,1,6,0,2,1,-1,-2,-3,-1,-1,2,-3,0,2,0,0,-1,-2,0,-1,9,-2,2,-2,10
%N A051512 a(n) = floor(tan(prime(n))).
%t A051512 Table[Floor[Tan[Prime[n]]], {n, 100}] (* _Wesley Ivan Hurt_, Mar 28 2015 *)
%K A051512 sign
%O A051512 1,1
%A A051512 _N. J. A. Sloane_

# Content is available under The OEIS End-User License Agreement: http://oeis.org/LICENSE