# Greetings from The On-Line Encyclopedia of Integer Sequences! http://oeis.org/

Search: id:a051511
Showing 1-1 of 1

%I A051511
%S A051511 1,3,1,7,0,0,2,2,25,1,1,1,1,4,0,2,1,24,0,0,0,0,4,1,2,4,1,
%T A051511 2,5,1,1,5,0,1,1,1,2,1,1,2,4,1,4,1,10,0,0,6,0,1,160,0,0,0,
%U A051511 1,17,0,1,4,4,3,0,0,14,1,7,0,1,2,1,6,0,0,0,16,1,1,1,3390,1,1,1,2,0,5,1,2,0,0,0,0,4,2,1,2,9,6,2,30,0,1,2,0,1,3,1,0,0,1,1,2,1,0,1,2,0,0,2,1,1,1
%V A051511 1,-3,1,-7,0,0,2,-2,25,-1,-1,-1,-1,-4,0,2,-1,-24,0,0,0,0,4,-1,-2,4,-1,
%W A051511 -2,5,-1,-1,-5,0,1,1,-1,-2,-1,-1,2,4,-1,4,-1,10,0,0,-6,0,1,-160,0,0,0,
%X A051511 1,-17,0,-1,-4,-4,-3,0,0,-14,1,7,0,-1,-2,1,6,0,0,0,16,-1,-1,1,3390,-1,1,-1,-2,0,-5,-1,-2,0,0,0,0,-4,-2,1,-2,9,-6,2,30,0,-1,-2,0,-1,-3,-1,0,0,-1,-1,-2,-1,0,1,2,0,0,-2,-1,1,-1
%N A051511 a(n) = floor(tan(2^n)).
%K A051511 sign,easy
%O A051511 0,2
%A A051511 _N. J. A. Sloane_
%E A051511 More terms from _James A. Sellers_

# Content is available under The OEIS End-User License Agreement: http://oeis.org/LICENSE